Salary: [
5477
12027
12944
12476
5185
13831
6540
8303
9805
13403
12773
7567
9408
12220
12213
12624
11690
12102
13442
7353
13980
9242
5462
5559
8442
7498
9288
8885
12553
7731
7081
6519
8887
6688
13748
8289
7751
8740
5732
9198
10395
13869
9140
8817
8569
13116
7986
7174
12436
9100
12111
7876
12613
7363
6073
7285
5553
8160
9806
12939
7389
13330
13357
9332
5948
8798
6193
12513
13735
13662
7277
9576
8697
11598
8170
12080
6202
5113
10597
11513
9251
7952
7903
9500
10193
10411
5035
13959
12177
6849
11550
10202
10337
12937
12766
13846
12222
9787
12130
7937
]